%YAML:1.0
---
myHogDector_set: !!opencv-object-detector-hog
   winSize: [ 64, 128 ]
   blockSize: [ 16, 16 ]
   blockStride: [ 8, 8 ]
   cellSize: [ 8, 8 ]
   nbins: 9
   derivAperture: 1
   winSigma: 4.
   histogramNormType: 0
   L2HysThreshold: 2.0000000000000001e-01
   gammaCorrection: 0
   nlevels: 64
   signedGradient: 0
   SVMDetector: [ 1.10381022e-02, -1.59982108e-02, -1.82365291e-02,
       1.03816846e-02, 1.31044965e-02, -4.27726336e-05, -3.07669882e-02,
       -6.29465561e-03, 2.67671663e-02, 2.09100563e-02, 1.17861643e-03,
       -3.56060825e-02, 1.86195970e-02, 3.60861346e-02, 5.32292798e-02,
       -1.55846495e-02, 2.41026822e-02, 9.22092889e-03, 1.46216387e-02,
       -2.25618742e-02, -6.65130327e-03, 1.42735913e-02, 1.22608608e-02,
       2.20781844e-02, -4.04128060e-02, -1.46733597e-02, 1.03703095e-02,
       1.81559529e-02, 1.81466842e-03, -1.21642370e-02, 3.12565789e-02,
       -4.38587088e-03, 3.87964658e-02, -1.65363941e-02, -4.20856429e-03,
       5.67341736e-03, 6.33015996e-03, -1.63489692e-02, 9.98673309e-03,
       9.72760841e-03, 1.99440438e-02, 1.47821093e-02, -8.02755635e-03,
       2.69145076e-03, 3.47761549e-02, 1.10952370e-02, -6.79446803e-03,
       5.60665177e-03, -8.77437275e-03, -1.64156295e-02, 1.63991135e-02,
       5.85726742e-03, 2.12439578e-02, 2.38790177e-02, 1.97447632e-02,
       -1.55286202e-02, 7.46515288e-04, 2.17597093e-02, 2.65858951e-03,
       3.06765698e-02, -9.69786849e-03, 2.56725191e-03, 2.21126229e-02,
       1.68058351e-02, -1.81859583e-02, -1.99374538e-02, 2.33992785e-02,
       1.34349810e-02, 1.91603564e-02, 1.15192393e-02, -2.31325874e-04,
       2.71485522e-02, 4.59457988e-05, -4.52445261e-03, 4.68507828e-03,
       5.31053403e-03, -8.20375141e-03, 1.88741982e-02, 3.40912770e-03,
       1.15815876e-02, -7.80543266e-03, -4.09677345e-03, -1.91920772e-02,
       1.06240343e-02, 9.11926292e-03, 8.94710235e-03, 1.70010626e-02,
       1.10522816e-02, 3.22008654e-02, 2.53685880e-02, -1.28237233e-02,
       -6.21603569e-03, 1.02941561e-02, 1.83682721e-02, -1.09047547e-03,
       -7.82352057e-04, -1.29305925e-02, -4.47832933e-03,
       -7.95160420e-03, 1.34909712e-03, -6.79599773e-03, 1.97085347e-02,
       1.08636147e-03, -3.29746902e-02, -1.87118314e-02, 1.11972215e-03,
       9.33110062e-03, 4.73395630e-04, 3.77520395e-04, 1.68688319e-04,
       -1.62100408e-03, -5.32292854e-03, 3.42158391e-03, 2.22364976e-03,
       1.40078133e-02, -4.10044286e-03, -2.73384596e-03, 4.63869842e-03,
       -1.62961259e-02, -1.46017149e-02, -2.00549699e-02, 9.42870975e-04,
       1.15417177e-02, -1.30309490e-02, -2.78863646e-02, 2.05598343e-02,
       2.02440117e-02, 2.42818836e-02, 2.52958499e-02, 9.85450763e-03,
       -2.77392585e-02, -1.77246109e-02, 4.76647459e-04, -1.04035866e-02,
       -7.87099637e-03, 1.37970466e-02, 9.16126929e-03, -2.83184857e-03,
       -2.02013012e-02, -7.49633322e-03, -2.05451399e-02,
       -1.13332737e-02, -2.51127984e-02, -9.16184857e-04,
       -5.54028247e-03, 5.74851409e-03, -7.58470269e-03, 8.85780156e-03,
       1.58949709e-03, -5.78754023e-03, -8.46341718e-03, 1.35949624e-04,
       1.73856933e-02, -2.80923676e-02, -1.19811706e-02, -3.97459269e-02,
       -4.54290072e-03, 1.51933245e-02, -2.58423779e-02, -2.14312095e-02,
       7.83781335e-03, -1.05859514e-03, -4.37949831e-03, 4.73281145e-02,
       2.31892033e-03, -1.24248490e-02, 1.67544913e-02, 1.41635528e-02,
       1.50771867e-02, 3.18445116e-02, -8.89725983e-04, -2.05848012e-02,
       -7.73136411e-03, -3.01461034e-02, -1.82510726e-02,
       -3.37657565e-03, -1.92874111e-03, 3.61697562e-03, 2.14892849e-02,
       -9.66798235e-03, -2.35536098e-02, -1.62606724e-02,
       -2.63480749e-02, 5.01474598e-03, 1.86910871e-02, -1.30640306e-02,
       -1.22972801e-02, 4.70331796e-02, 2.80407257e-03, -2.38349941e-02,
       -1.45073142e-02, -2.70467903e-02, -1.03901105e-03, 3.42422212e-03,
       -4.29342091e-02, -1.75394788e-02, 1.02121383e-02, -1.16465008e-02,
       -1.27756912e-02, -2.64869910e-03, -3.32610756e-02, 2.06664559e-02,
       -6.81478344e-03, 1.60818361e-02, -1.46726510e-04, 4.76140082e-02,
       -2.84629948e-02, -2.06060875e-02, 3.46558057e-02, -2.14192457e-02,
       -1.23204533e-02, 4.27645398e-04, -8.97350255e-04, -2.69175787e-02,
       -8.02961586e-04, -2.58699656e-02, -5.34846040e-04, 7.34657981e-03,
       -2.22175457e-02, 2.47630235e-02, 1.29212216e-02, -2.52953637e-02,
       -2.06908267e-02, 2.37834156e-02, 3.74412835e-02, -6.02147658e-04,
       -1.69658251e-02, -3.97328660e-02, -5.37775178e-03,
       -1.79748721e-02, -3.42748724e-02, -4.53038439e-02, 2.34866701e-02,
       2.51797377e-03, -1.15379682e-02, 1.63145848e-02, -4.66549583e-03,
       3.39703225e-02, 1.40036820e-02, 1.68718621e-02, -1.33596594e-02,
       1.66074354e-02, 3.77121149e-03, -2.45407037e-02, -1.37725640e-02,
       -2.37042960e-02, -4.61230427e-03, 1.53167421e-04, -1.64795704e-02,
       -6.29244074e-02, -7.54253566e-03, -1.94483884e-02,
       -5.25071565e-03, 5.40365232e-03, -1.55738220e-02, 3.77919376e-02,
       1.20587908e-02, 3.25471535e-03, -2.23189164e-02, 2.87103821e-02,
       1.05132360e-03, 4.52271837e-04, 6.41024322e-04, -9.57731437e-03,
       -1.16103701e-02, 2.88175652e-03, -7.47191778e-04, -1.57930534e-02,
       1.55459484e-02, -9.56238434e-03, 2.60415254e-03, 2.07039062e-02,
       1.79180945e-03, 3.00730430e-02, 1.03846481e-02, 2.55613234e-02,
       -1.10005494e-02, 1.79894827e-02, -4.14771307e-03, -8.83686543e-03,
       1.13986270e-03, -9.35421884e-03, 7.07698567e-03, -2.90917736e-02,
       2.13444177e-02, 5.85366832e-03, 4.55574784e-03, -8.68948735e-03,
       -1.71547960e-02, -1.96718168e-03, 1.65424813e-02, 9.50615108e-03,
       9.82721802e-03, -4.66454978e-04, -2.92812772e-02, 1.30067468e-02,
       -5.63255092e-03, -1.50742792e-02, -3.14271636e-03,
       -1.00496067e-02, -3.78057896e-03, -1.20843419e-04,
       -4.37726965e-03, -2.44876575e-02, -2.12902715e-03,
       -3.99276009e-03, -7.57404743e-03, -1.42623186e-02, 5.13050007e-03,
       6.03306247e-03, -8.56854301e-03, 1.36530828e-02, 9.98336729e-03,
       1.41309844e-02, 1.12536652e-02, -2.05260166e-03, 4.21853736e-03,
       -7.68794445e-03, 5.55077521e-03, -7.92203005e-03, -4.92078951e-03,
       -7.93988071e-03, -6.73933013e-04, -1.22121805e-02,
       -6.06019935e-03, -7.51245883e-04, -2.87718792e-02, 6.18205359e-03,
       -2.12360192e-02, -3.51176248e-03, -2.11389884e-02,
       -9.06182546e-03, 2.73493174e-02, 1.43413190e-02, -1.28284637e-02,
       -5.95029779e-02, -2.33858395e-02, 5.97932469e-03, 1.23178177e-02,
       -2.35327072e-02, -1.78859290e-02, -5.07729303e-04, 3.77765112e-03,
       2.58894451e-02, 2.46003922e-03, 4.72350679e-02, 4.91281739e-03,
       3.40049877e-03, -7.21952456e-05, 3.17941606e-02, -2.36035045e-03,
       -1.70663092e-02, -4.12056874e-03, -2.84989085e-02,
       -4.24495433e-03, -4.56696339e-02, 1.90963922e-03, 4.58135363e-03,
       2.73220893e-02, -6.72740303e-03, 1.06574390e-02, 9.53123719e-03,
       -2.99568791e-02, -9.78456810e-03, 2.24779658e-02, 1.53247807e-02,
       -1.31824119e-02, -6.72666542e-03, -6.31278148e-03,
       -1.61308527e-03, 1.16449147e-02, -3.18206176e-02, -2.95450189e-03,
       -1.35687608e-02, -2.05195416e-03, -2.82599404e-02,
       -1.37577513e-02, -9.52096749e-03, 5.75326290e-03, 3.38812568e-03,
       1.08918799e-02, 1.80137064e-02, 6.26946706e-03, 2.73525286e-02,
       1.23618618e-02, 2.10286696e-02, -3.08786854e-02, -6.66901004e-03,
       7.98071548e-03, 3.18591343e-03, 3.33751366e-02, -1.48319835e-02,
       5.57312742e-03, -1.36463428e-02, 8.62599164e-03, -1.88776478e-02,
       -1.71033014e-02, -9.18647088e-03, -3.82009484e-02,
       -2.93775322e-03, 1.64712761e-02, -1.55213885e-02, -1.64674893e-02,
       1.13138324e-03, -3.38236336e-04, -2.24890877e-02, -2.53304057e-02,
       -3.35277058e-02, -3.22729088e-02, -8.63732677e-03,
